320 20
42 42
98 42
172 42
230 42
342 42
398 42
474 42
530 42
564 42
48 54
104 54
236 54
348 54
404 53
480 54
536 54
179 54
62 142
118 142
194 142
250 142
362 142
494 142
550 142
419 142
137 156
260 156
272 156
282 156
306 156
434 156
127 156
295 156
60 162
116 161
192 162
248 162
361 161
417 161
492 161
549 161
127 185
133 185
140 186
260 185
271 185
282 185
295 185
306 186
428 186
435 185
441 185
36 208
92 208
468 208
167 208
223 208
336 208
393 208
524 208
128 219
134 219
140 219
428 219
434 219
440 219
260 222
272 222
306 222
282 222
295 222
150 236
450 236
121 236
244 238
412 238
158 242
328 242
418 242
270 244
165 244
106 248
444 249
132 250
422 250
466 250
21 263
27 263
49 263
79 264
519 264
543 263
549 263
570 264
578 264
55 264
98 286
230 286
342 286
398 286
474 286
530 286
564 286
41 286
173 286
48 298
104 298
178 298
236 298
348 298
404 298
480 298
536 298
62 386
118 386
194 386
250 386
362 386
418 386
494 386
550 386
127 400
133 400
140 401
260 400
271 400
282 400
294 400
306 401
428 400
434 400
440 400
60 404
116 404
192 404
248 404
417 404
492 404
361 404
549 404
134 430
260 430
272 430
282 430
294 430
306 430
434 430
36 452
92 452
167 452
224 453
336 452
393 452
468 453
524 452
137 462
434 462
127 462
260 468
272 468
282 468
295 467
306 468
120 480
150 480
450 480
243 483
412 483
158 486
328 486
418 486
165 489
270 489
107 491
444 493
133 494
422 494
466 494
23 508
79 508
519 508
578 508
49 508
55 508
543 508
549 508
571 508
42 530
98 530
230 530
342 530
398 530
474 530
530 530
564 530
173 530
48 542
104 542
236 542
348 542
404 542
480 542
536 542
179 542
62 630
118 630
193 630
250 630
362 630
494 630
550 630
419 630
137 644
260 644
272 644
282 644
306 644
434 644
127 644
295 644
60 650
116 650
192 650
248 650
361 649
418 650
492 650
549 649
127 673
137 674
260 674
272 674
282 673
295 673
306 674
428 674
435 673
441 673
36 696
92 696
468 696
167 696
223 696
336 696
393 696
524 696
127 707
137 708
428 708
435 707
441 707
260 711
272 711
282 711
295 711
306 711
150 724
450 724
121 724
244 727
412 727
158 730
328 730
418 730
270 732
165 732
106 736
444 737
132 738
422 738
466 738
21 751
27 751
51 752
79 752
519 752
547 752
570 752
578 752
270 780
284 780
